100.000	0.000
101.000	0.000
102.000	0.000
103.000	0.000
104.000	0.000
105.000	0.000
106.000	0.000
107.000	0.000
108.000	0.000
109.000	0.000
110.000	0.000
111.000	0.000
112.000	0.000
113.000	0.000
114.000	0.000
115.000	0.000
116.000	0.000
117.000	0.000
118.000	0.000
119.000	0.000
120.000	0.000
121.000	0.000
122.000	0.000
123.000	0.000
124.000	0.000
125.000	0.000
126.000	0.000
127.000	0.000
128.000	0.000
129.000	0.000
130.000	0.000
131.000	0.000
132.000	0.000
133.000	0.000
134.000	0.000
135.000	0.000
136.000	0.000
137.000	0.000
138.000	0.000
139.000	0.000
140.000	0.000
141.000	0.000
142.000	0.000
143.000	0.000
144.000	0.000
145.000	0.000
146.000	0.000
147.000	0.000
148.000	0.000
149.000	0.000
150.000	0.000
151.000	0.000
152.000	0.000
153.000	0.000
154.000	0.000
155.000	0.000
156.000	0.000
157.000	0.000
158.000	0.000
159.000	0.000
160.000	0.000
161.000	0.000
162.000	0.000
163.000	0.000
164.000	0.000
165.000	0.000
166.000	0.000
167.000	0.000
168.000	0.000
169.000	0.000
170.000	0.000
171.000	0.000
172.000	0.000
173.000	0.000
174.000	0.000
175.000	0.000
176.000	0.000
177.000	0.000
178.000	0.000
179.000	0.000
180.000	0.000
181.000	0.000
182.000	0.000
183.000	0.000
184.000	0.000
185.000	0.000
186.000	0.000
187.000	0.000
188.000	0.000
189.000	0.000
190.000	0.000
191.000	0.000
192.000	0.000
193.000	0.000
194.000	0.000
195.000	0.000
196.000	0.000
197.000	0.000
198.000	0.000
199.000	0.000
200.000	0.000
201.000	0.000
202.000	0.000
203.000	0.000
204.000	0.000
205.000	0.000
206.000	0.000
207.000	0.000
208.000	0.000
209.000	0.000
210.000	0.000
211.000	0.000
212.000	0.000
213.000	0.000
214.000	0.000
215.000	0.000
216.000	0.000
217.000	0.000
218.000	0.000
219.000	0.000
220.000	0.000
221.000	0.000
222.000	0.000
223.000	0.000
224.000	0.000
225.000	0.000
226.000	0.100
227.000	0.300
228.000	0.400
229.000	0.500
230.000	0.600
231.000	0.800
232.000	1.000
233.000	1.200
234.000	1.500
235.000	1.700
236.000	1.900
237.000	2.100
238.000	2.300
239.000	2.500
240.000	2.700
241.000	3.000
242.000	3.300
243.000	3.500
244.000	3.800
245.000	4.100
246.000	4.400
247.000	4.800
248.000	5.200
249.000	5.500
250.000	5.900
251.000	6.300
252.000	6.800
253.000	7.300
254.000	7.700
255.000	8.200
256.000	8.600
257.000	9.100
258.000	9.600
259.000	10.000
260.000	10.500
261.000	10.900
262.000	11.300
263.000	11.800
264.000	12.200
265.000	12.700
266.000	13.800
267.000	14.900
268.000	16.000
269.000	17.100
270.000	18.200
271.000	18.800
272.000	19.300
273.000	19.800
274.000	20.300
275.000	20.900
276.000	21.400
277.000	21.900
278.000	22.500
279.000	23.000
280.000	23.500
281.000	24.000
282.000	24.400
283.000	24.900
284.000	25.300
285.000	25.800
286.000	26.200
287.000	26.700
288.000	27.100
289.000	27.600
290.000	28.100
291.000	28.400
292.000	28.700
293.000	29.000
294.000	29.300
295.000	29.700
296.000	30.000
297.000	30.300
298.000	30.600
299.000	30.900
300.000	31.300
301.000	31.500
302.000	31.700
303.000	31.900
304.000	32.100
305.000	32.300
306.000	32.500
307.000	32.700
308.000	32.900
309.000	33.100
310.000	33.400
311.000	33.500
312.000	33.600
313.000	33.700
314.000	33.800
315.000	33.900
316.000	34.000
317.000	34.100
318.000	34.300
319.000	34.400
320.000	34.500
321.000	34.500
322.000	34.600
323.000	34.700
324.000	34.700
325.000	34.800
326.000	34.800
327.000	34.900
328.000	34.900
329.000	35.000
330.000	35.100
331.000	35.100
332.000	35.100
333.000	35.100
334.000	35.100
335.000	35.100
336.000	35.100
337.000	35.100
338.000	35.100
339.000	35.100
340.000	35.100
341.000	35.100
342.000	35.100
343.000	35.000
344.000	35.000
345.000	35.000
346.000	35.000
347.000	35.000
348.000	35.000
349.000	35.000
350.000	34.900
351.000	34.900
352.000	34.900
353.000	34.800
354.000	34.800
355.000	34.700
356.000	34.700
357.000	34.700
358.000	34.600
359.000	34.600
360.000	34.500
361.000	34.600
362.000	34.600
363.000	34.600
364.000	34.600
365.000	34.600
366.000	34.600
367.000	34.600
368.000	34.700
369.000	34.700
370.000	34.700
371.000	34.700
372.000	34.700
373.000	34.800
374.000	34.800
375.000	34.800
376.000	34.900
377.000	34.900
378.000	34.900
379.000	34.900
380.000	35.000
381.000	34.900
382.000	34.900
383.000	34.900
384.000	34.800
385.000	34.800
386.000	34.800
387.000	34.700
388.000	34.700
389.000	34.700
390.000	34.600
391.000	34.600
392.000	34.500
393.000	34.500
394.000	34.400
395.000	34.300
396.000	34.300
397.000	34.200
398.000	34.200
399.000	34.100
400.000	34.100
401.000	34.000
402.000	33.900
403.000	33.800
404.000	33.800
405.000	33.700
406.000	33.600
407.000	33.500
408.000	33.500
409.000	33.400
410.000	33.300
411.000	33.200
412.000	33.100
413.000	33.100
414.000	33.000
415.000	32.900
416.000	32.800
417.000	32.700
418.000	32.600
419.000	32.600
420.000	32.500
421.000	32.400
422.000	32.300
423.000	32.200
424.000	32.100
425.000	32.000
426.000	31.900
427.000	31.800
428.000	31.700
429.000	31.600
430.000	31.500
431.000	31.400
432.000	31.300
433.000	31.200
434.000	31.000
435.000	30.900
436.000	30.800
437.000	30.700
438.000	30.600
439.000	30.400
440.000	30.300
441.000	30.200
442.000	30.000
443.000	29.800
444.000	29.600
445.000	29.500
446.000	29.300
447.000	29.100
448.000	29.000
449.000	28.800
450.000	28.600
451.000	28.400
452.000	28.200
453.000	28.000
454.000	27.800
455.000	27.600
456.000	27.400
457.000	27.200
458.000	27.000
459.000	26.800
460.000	26.600
461.000	26.400
462.000	26.200
463.000	26.100
464.000	25.900
465.000	25.700
466.000	25.500
467.000	25.400
468.000	25.200
469.000	25.000
470.000	24.800
471.000	24.700
472.000	24.500
473.000	24.400
474.000	24.200
475.000	24.100
476.000	23.900
477.000	23.800
478.000	23.600
479.000	23.500
480.000	23.300
481.000	23.200
482.000	23.100
483.000	23.000
484.000	22.800
485.000	22.700
486.000	22.600
487.000	22.500
488.000	22.300
489.000	22.200
490.000	22.100
491.000	21.900
492.000	21.800
493.000	21.600
494.000	21.400
495.000	21.300
496.000	21.100
497.000	20.900
498.000	20.700
499.000	20.600
500.000	20.400
501.000	20.100
502.000	19.800
503.000	19.500
504.000	19.200
505.000	18.900
506.000	18.600
507.000	18.400
508.000	18.100
509.000	17.800
510.000	17.500
511.000	17.100
512.000	16.800
513.000	16.500
514.000	16.200
515.000	15.800
516.000	15.500
517.000	15.200
518.000	14.900
519.000	14.500
520.000	14.200
521.000	14.000
522.000	13.700
523.000	13.500
524.000	13.300
525.000	13.000
526.000	12.800
527.000	12.600
528.000	12.300
529.000	12.100
530.000	11.900
531.000	11.700
532.000	11.600
533.000	11.400
534.000	11.300
535.000	11.100
536.000	11.000
537.000	10.800
538.000	10.700
539.000	10.500
540.000	10.400
541.000	10.200
542.000	10.100
543.000	10.000
544.000	9.900
545.000	9.800
546.000	9.700
547.000	9.600
548.000	9.500
549.000	9.300
550.000	9.200
551.000	9.100
552.000	9.000
553.000	8.900
554.000	8.800
555.000	8.700
556.000	8.600
557.000	8.500
558.000	8.400
559.000	8.300
560.000	8.200
561.000	8.100
562.000	8.000
563.000	8.000
564.000	7.900
565.000	7.800
566.000	7.700
567.000	7.600
568.000	7.500
569.000	7.400
570.000	7.300
571.000	7.200
572.000	7.100
573.000	7.000
574.000	6.900
575.000	6.800
576.000	6.700
577.000	6.600
578.000	6.500
579.000	6.400
580.000	6.400
581.000	6.300
582.000	6.200
583.000	6.100
584.000	6.000
585.000	5.900
586.000	5.800
587.000	5.700
588.000	5.600
589.000	5.600
590.000	5.500
591.000	5.400
592.000	5.300
593.000	5.200
594.000	5.100
595.000	5.000
596.000	4.900
597.000	4.900
598.000	4.800
599.000	4.700
600.000	4.600
601.000	4.500
602.000	4.400
603.000	4.200
604.000	4.100
605.000	4.000
606.000	3.900
607.000	3.800
608.000	3.600
609.000	3.500
610.000	3.400
611.000	3.300
612.000	3.300
613.000	3.200
614.000	3.200
615.000	3.100
616.000	3.000
617.000	3.000
618.000	2.900
619.000	2.800
620.000	2.800
621.000	2.700
622.000	2.700
623.000	2.600
624.000	2.500
625.000	2.500
626.000	2.400
627.000	2.400
628.000	2.300
629.000	2.300
630.000	2.200
631.000	2.200
632.000	2.100
633.000	2.000
634.000	2.000
635.000	1.900
636.000	1.900
637.000	1.800
638.000	1.800
639.000	1.700
640.000	1.700
641.000	1.600
642.000	1.600
643.000	1.600
644.000	1.500
645.000	1.500
646.000	1.400
647.000	1.400
648.000	1.300
649.000	1.300
650.000	1.200
651.000	1.200
652.000	1.200
653.000	1.100
654.000	1.100
655.000	1.100
656.000	1.000
657.000	1.000
658.000	0.900
659.000	0.900
660.000	0.900
661.000	0.800
662.000	0.800
663.000	0.800
664.000	0.800
665.000	0.700
666.000	0.700
667.000	0.700
668.000	0.600
669.000	0.600
670.000	0.600
671.000	0.600
672.000	0.500
673.000	0.500
674.000	0.500
675.000	0.500
676.000	0.500
677.000	0.400
678.000	0.400
679.000	0.400
680.000	0.400
681.000	0.400
682.000	0.300
683.000	0.300
684.000	0.300
685.000	0.300
686.000	0.300
687.000	0.300
688.000	0.300
689.000	0.200
690.000	0.200
691.000	0.200
692.000	0.200
693.000	0.200
694.000	0.200
695.000	0.200
696.000	0.200
697.000	0.200
698.000	0.200
699.000	0.100
700.000	0.100
701.000	0.100
702.000	0.100
703.000	0.100
704.000	0.100
705.000	0.100
706.000	0.100
707.000	0.100
708.000	0.100
709.000	0.100
710.000	0.100
711.000	0.100
712.000	0.100
713.000	0.000
714.000	0.000
715.000	0.000
716.000	0.000
717.000	0.000
718.000	0.000
719.000	0.000
720.000	0.000
721.000	0.000
722.000	0.000
723.000	0.000
724.000	0.000
725.000	0.000
726.000	0.000
727.000	0.000
728.000	0.000
729.000	0.000
730.000	0.000
731.000	0.000
732.000	0.000
733.000	0.000
734.000	0.000
735.000	0.000
736.000	0.000
737.000	0.000
738.000	0.000
739.000	0.000
740.000	0.000
741.000	0.000
742.000	0.000
743.000	0.000
744.000	0.000
745.000	0.000
746.000	0.000
747.000	0.000
748.000	0.000
749.000	0.000
750.000	0.000
751.000	0.000
752.000	0.000
753.000	0.000
754.000	0.000
755.000	0.000
756.000	0.000
757.000	0.000
758.000	0.000
759.000	0.000
760.000	0.000
761.000	0.000
762.000	0.000
763.000	0.000
764.000	0.000
765.000	0.000
766.000	0.000
767.000	0.000
768.000	0.000
769.000	0.000
770.000	0.000
771.000	0.000
772.000	0.000
773.000	0.000
774.000	0.000
775.000	0.000
776.000	0.000
777.000	0.000
778.000	0.000
779.000	0.000
780.000	0.000
781.000	0.000
782.000	0.000
783.000	0.000
784.000	0.000
785.000	0.000
786.000	0.000
787.000	0.000
788.000	0.000
789.000	0.000
790.000	0.000
791.000	0.000
792.000	0.000
793.000	0.000
794.000	0.000
795.000	0.000
796.000	0.000
797.000	0.000
798.000	0.000
799.000	0.000
