390.0 2.1203618813550898e-05
390.2 2.5870042814610602e-05
390.4 2.43417005219531e-05
390.6 2.4484229144360497e-05
390.8 2.5591073890027902e-05
391.0 2.2957202174009e-05
391.2 2.4523687581399903e-05
391.4 2.51805869145236e-05
391.6 2.23865442783558e-05
391.8 2.55484322706569e-05
392.0 2.67572396102713e-05
392.2 2.7619125329436002e-05
392.4 2.85907213766546e-05
392.6 3.433197182672e-05
392.8 6.839072134306361e-05
393.0 0.0007651958012558519
393.2 0.00265139633712839
393.4 0.00146796792654406
393.6 0.00296677753290342
393.8 0.0016931474090397499
394.0 0.00245335490855104
394.2 0.00252665404461892
394.4 0.0047153518937976
394.6 0.0095860072413359
394.8 0.01306473380058
395.0 0.01481403520407
395.2 0.017385736402599997
395.4 0.0204491176994
395.6 0.026145520478500002
395.8 0.02836802359611
396.0 0.029672016906949997
396.2 0.03008402835315
396.4 0.02937217055315
396.6 0.02944911509287
396.8 0.030249347621310003
397.0 0.0307287784574
397.2 0.0333401483359
397.4 0.04122321061018
397.6 0.06784543884929
397.8 0.16731146572796
398.0 0.31106641887395997
398.2 0.38496849387859
398.4 0.42065287034323007
398.6 0.44551152804447003
398.8 0.47159059464090997
399.0 0.50967818862487
399.2 0.56568640174006
399.4 0.64988878225875
399.6 0.77327688199557
399.8 0.94668483367919
400.0 1.1780423812724201
400.2 1.45823448432467
400.4 1.7680925380702401
400.6 2.0896903178137203
400.8 2.42388912548559
401.0 2.78490950263398
401.2 3.19484032842961
401.4 3.67948205323433
401.6 4.27166943912143
401.8 5.00290641762181
402.0 5.88108341907147
402.2 6.8777791024552295
402.4 7.94117483374768
402.6 9.03221374212986
402.8 10.143780826796899
403.0 11.2969561127076
403.2 12.5257281239189
403.4 13.856228112865402
403.6 15.2980904058308
403.8 16.8572036132431
404.0 18.546880650606102
404.2 20.3853835729863
404.4 22.3736492474947
404.6 24.4876968163858
404.8 26.6869323472756
405.0 28.9371980871513
405.2 31.222943265590303
405.4 33.5429912120379
405.6 35.9005990487586
405.8 38.294635947773195
406.0 40.7195680256328
406.2 43.168029410839
406.4 45.6325491036005
406.6 48.1047434206986
406.8 50.5732903677254
407.0 53.0231246745387
407.2 55.4355977744104
407.4 57.80317215442609
407.6 60.1375381828238
407.8 62.4431313213928
408.0 64.732051479506
408.2 67.01844318353
408.4 69.31263421235249
408.6 71.61741365494309
408.8 73.9265921126274
409.0 76.2258655541857
409.2 78.4947201890812
409.4 80.70559405416789
409.6 82.8105090300449
409.8 84.6950683722344
410.0 86.1584268124118
410.2 87.1833633488994
410.4 87.9469654625686
410.6 88.4943725122416
410.8 88.8283125582909
411.0 89.01734958704711
411.2 89.1567818612786
411.4 89.295042602819
411.6 89.4341960305722
411.8 89.5664510199896
412.0 89.6929903646402
412.2 89.8197648438263
412.4 89.9470143405401
412.6 90.0668880885369
412.8 90.16970041779811
413.0 90.2510574794851
413.2 90.3138094054501
413.4 90.3646583823297
413.6 90.4096165080335
413.8 90.4522370926647
414.0 90.4950024355134
414.2 90.54146212250251
414.4 90.5966077946193
414.6 90.66475823252999
414.8 90.7462309816702
415.0 90.8349750740363
415.2 90.9189051230815
415.4 90.9833672741418
415.6 91.0163460500426
415.8 91.012651228254
416.0 90.97498732281079
416.2 90.9121931704706
416.4 90.8365229661465
416.6 90.7613175881342
416.8 90.6990570058683
417.0 90.659265910183
417.2 90.6464322449335
417.4 90.6590479169551
417.6 90.69074601643379
417.8 90.73313899725099
418.0 90.77879579923301
418.2 90.8229617663018
418.4 90.8636554234631
418.6 90.9006657457209
418.8 90.9343033416611
419.0 90.9645792521068
419.2 90.99098728082589
419.4 91.0126326754591
419.6 91.0284540343253
419.8 91.0376556682986
420.0 91.0405829946749
420.2 91.03964070095691
420.4 91.0391985765925
420.6 91.044125768748
420.8 91.0581774343958
421.0 91.0835651131609
421.2 91.1212329044185
421.4 91.1701107927074
421.6 91.2251455249823
421.8 91.2768595802936
422.0 91.3149279490913
422.2 91.3335176028945
422.4 91.33360047994769
422.6 91.3211518191825
422.8 91.3040608750203
423.0 91.290075268248
423.2 91.2858343896183
423.4 91.29613541475081
423.6 91.32304679710799
423.8 91.3650922886009
424.0 91.4167825714187
424.2 91.4685799572442
424.4 91.50747933712
424.6 91.5186478669517
424.8 91.4883438581431
425.0 91.4073190359793
425.2 91.2726747999708
425.4 91.0858287532588
425.6 90.84598956472409
425.8 90.54435251306751
426.0 90.17077670362241
426.2 89.7296008426441
426.4 89.2391930592076
426.6 88.71450389801629
426.8 88.1587911838979
427.0 87.569611345919
427.2 86.9470977756832
427.4 86.2976896652884
427.6 85.6332433615427
427.8 84.96775481586329
428.0 84.3134278767901
428.2 83.6772661887099
428.4 83.0596193668783
428.6 82.4556154587848
428.8 81.8578958366436
429.0 81.2567589191719
429.2 80.6354938187509
429.4 79.9652220728502
429.6 79.20973976841161
429.8 78.3431894613581
430.0 77.3640151751412
430.2 76.2906845580299
430.4 75.1471318065987
430.6 73.9510176334733
430.8 72.70734665814909
431.0 71.4057451948731
431.2 70.0253214335831
431.4 68.5536312144697
431.6 67.0050042805989
431.8 65.4110197232921
432.0 63.79782640692861
432.2 62.1784357350519
432.4 60.5567019852315
432.6 58.9324731631814
432.8 57.30507135685849
433.0 55.6751541158946
433.2 54.0451040695888
433.4 52.4181730163766
433.6 50.7969850600972
433.8 49.1822687139841
434.0 47.5725099247147
434.2 45.9646832517987
434.4 44.3556812470662
434.6 42.7437756220466
434.8 41.1294344489153
435.0 39.515106229678096
435.2 37.9040882438199
435.4 36.299091212964
435.6 34.7012613581052
435.8 33.1100950237296
436.0 31.5241400227459
436.2 29.9419781259877
436.4 28.3629099183765
436.6 26.7869982049504
436.8 25.2145455028017
437.0 23.6454364418748
437.2 22.078848102385702
437.4 20.5135648976424
437.6 18.948710119451402
437.8 17.3843922565564
438.0 15.8217481426624
438.2 14.262183288993599
438.4 12.706109579913798
438.6 11.151888566238402
438.8 9.595904999855
439.0 8.03510972145381
439.2 6.4745989003989
439.4 4.943937660664241
439.6 3.51922409848288
439.8 2.31966232643572
440.0 1.43780497478273
440.2 0.86596905287376
440.4 0.52240468256534
440.6 0.32100342636247
440.8 0.20190358433574998
441.0 0.1297159755393
441.2 0.08463534867535
441.4 0.05565005582629
441.6 0.03655204077603
441.8 0.023764400462690002
442.0 0.015169054640169998
442.2 0.0094580355620282
442.4 0.00576436812340449
442.6 0.0034617251767173397
442.8 0.00207756224369454
443.0 0.00126685497375511
443.2 0.000796936895373212
443.4 0.0005232243819175609
443.6 0.000361085587734087
443.8 0.000262605794280384
444.0 0.00020096878038095
444.2 0.000161111555818428
444.4 0.000134460772370737
444.6 0.000116043410989917
444.8 0.00010290546351876501
445.0 9.32340828376653e-05
445.2 8.586512607412741e-05
445.4 8.00234517992459e-05
445.6 7.51986872813799e-05
445.8 7.1067288303296e-05
446.0 6.74228877090668e-05
446.2 6.41239779158406e-05
446.4 6.10632399694292e-05
446.6 5.81505846098268e-05
446.8 5.53024680941453e-05
447.0 5.2433866827805306e-05
447.2 4.94522682067265e-05
447.4 4.62567213188984e-05
447.6 4.2752430524981605e-05
447.8 3.8901402600069296e-05
448.0 3.48149957273607e-05
448.2 3.07998226527249e-05
448.4 2.72093693223803e-05
448.6 2.42186393952248e-05
448.8 2.17968853258828e-05
449.0 1.9824099087470598e-05
449.2 1.8179005015505e-05
449.4 1.67681056382644e-05
449.6 1.55268967255877e-05
449.8 1.44143962321079e-05
450.0 1.3407887850223699e-05
